Define CharList
 ( 'A', 'B', 'C', 'D', 'E', 'F', 'G', 'H', 'I', 'J', 'K', 'L', 'M', 'N', 'O', 'P',
   'Q', 'R', 'S', 'T', 'U', 'V', 'W', 'X', 'Y', 'Z', 'a', 'b', 'c', 'd', 'e', 'f',
   'g', 'h', 'i', 'j', 'k', 'l', 'm', 'n', 'o', 'p', 'q', 'r', 's', 't', 'u', 'v',
   'w', 'x', 'y', 'z', '0', '1', '2', '3', '4', '5', '6', '7', '8', '9', '~', '`',
   '!', '@', '#', '$', '%', '^', '&', '*', '(', ')', '-', '_', '=', '+', '[', '{',
   ']', '}', ';', ':',"'", '"', ',', '<', '.', '>', '/', '?', '¡', '¢', '£', '¥',
   '§', '©', '®', '¿', 'À', 'Á', 'Â', 'Ã', 'Ä', 'Å', 'Æ', 'Ç', 'È', 'É', 'Ê', 'Ë',
   'Ì', 'Í', 'Î', 'Ï', 'Ð', 'Ñ', 'Ò', 'Ó', 'Ô', 'Õ', 'Ö', 'Ø', 'Ù', 'Ú', 'Û', 'Ü',
   'Ý', 'ß', 'à', 'á', 'â', 'ã', 'ä', 'å', 'æ', 'ç', 'è', 'é', 'ê', 'ë', 'ì', 'í',
   'î', 'ï', 'ð', 'ñ', 'ò', 'ó', 'ô', 'õ', 'ö', 'ø', 'ù', 'ú', 'û', 'ü', 'ý', 'ÿ');

Define WidthList
 (   8,   7,   7,   7,   6,   6,   8,   7,   2,   5,   7,   6,   8,   7,   8,   6,
     8,   7,   7,   6,   7,   8,  10,   7,   8,   7,   6,   6,   6,   6,   6,   4,
     6,   6,   2,   2,   5,   2,   8,   6,   6,   6,   6,   4,   6,   3,   6,   6,
    10,   6,   6,   6,   6,   6,   6,   6,   6,   6,   6,   6,   6,   6,   6,   4,
     2,  11,   6,   6,  10,   5,   7,   4,   4,   4,   4,   6,   6,   6,   3,   4,
     3,   4,   3,   3,   2,   4,   3,   6,   3,   6,   3,   6,   2,   6,   6,   6,
     6,   8,   8,   6,   8,   8,   8,   8,   8,   8,  11,   7,   6,   6,   6,   6,
     2,   2,   2,   2,   8,   7,   8,   8,   8,   8,   8,   8,   7,   7,   7,   7,
     8,   7,   6,   6,   6,   6,   6,   6,  10,   6,   6,   6,   6,   6,   2,   2,
     2,   2,   6,   6,   6,   6,   6,   6,   6,   6,   6,   6,   6,   6,   6,   6);

Define RectList
 ( (   0,  0,  9, 12), (  10,  0,  6, 12), (  17,  0,  6, 12), (  24,  0,  6, 12),
   (  31,  0,  5, 12), (  37,  0,  5, 12), (  43,  0,  7, 12), (  51,  0,  6, 12),
   (  58,  0,  1, 12), (  60,  0,  4, 12), (  65,  0,  7, 12), (  73,  0,  5, 12),
   (  79,  0,  7, 12), (  87,  0,  6, 12), (  94,  0,  7, 12), ( 102,  0,  5, 12),
   ( 108,  0,  7, 12), ( 116,  0,  6, 12), ( 123,  0,  6, 12), ( 130,  0,  5, 12),
   ( 136,  0,  6, 12), ( 143,  0,  9, 12), ( 153,  0, 11, 12), ( 165,  0,  6, 12),
   ( 172,  0,  8, 12), ( 181,  0,  6, 12), ( 188,  0,  5, 12), ( 194,  0,  5, 12),
   ( 200,  0,  5, 12), ( 206,  0,  5, 12), ( 212,  0,  5, 12), ( 218,  0,  4, 12),
   ( 223,  0,  5, 12), ( 229,  0,  5, 12), ( 235,  0,  1, 12), ( 237,  0,  2, 12),
   ( 240,  0,  4, 12), ( 245,  0,  1, 12), ( 247,  0,  7, 12), ( 255,  0,  5, 12),
   ( 261,  0,  5, 12), ( 267,  0,  5, 12), ( 273,  0,  5, 12), ( 279,  0,  3, 12),
   ( 283,  0,  5, 12), ( 289,  0,  3, 12), ( 293,  0,  5, 12), ( 299,  0,  6, 12),
   ( 306,  0, 10, 12), ( 317,  0,  5, 12), ( 323,  0,  6, 12), ( 330,  0,  5, 12),
   ( 336,  0,  5, 12), ( 342,  0,  3, 12), ( 346,  0,  5, 12), ( 352,  0,  5, 12),
   ( 358,  0,  5, 12), ( 364,  0,  5, 12), ( 370,  0,  5, 12), ( 376,  0,  5, 12),
   ( 382,  0,  5, 12), ( 388,  0,  5, 12), ( 394,  0,  5, 12), ( 400,  0,  2, 12),
   ( 403,  0,  1, 12), ( 405,  0, 10, 12), ( 416,  0,  5, 12), ( 422,  0,  5, 12),
   ( 428,  0,  9, 12), ( 438,  0,  5, 12), ( 444,  0,  6, 12), ( 451,  0,  3, 12),
   ( 455,  0,  3, 12), ( 459,  0,  3, 12), ( 463,  0,  3, 12), ( 467,  0,  6, 12),
   ( 474,  0,  5, 12), ( 480,  0,  5, 12), ( 486,  0,  2, 12), ( 489,  0,  3, 12),
   ( 493,  0,  2, 12), ( 496,  0,  3, 12), ( 500,  0,  1, 12), ( 502,  0,  1, 12),
   ( 504,  0,  1, 12), ( 506,  0,  3, 12), ( 510,  0,  1, 12), ( 512,  0,  5, 12),
   ( 518,  0,  1, 12), ( 520,  0,  5, 12), ( 526,  0,  3, 12), ( 530,  0,  5, 12),
   ( 536,  0,  1, 12), ( 538,  0,  5, 12), ( 544,  0,  5, 12), ( 550,  0,  5, 12),
   ( 556,  0,  5, 12), ( 562,  0,  8, 12), ( 571,  0,  8, 12), ( 580,  0,  5, 12),
   ( 586,  0,  9, 12), ( 596,  0,  9, 12), ( 606,  0,  9, 12), ( 616,  0,  9, 12),
   ( 626,  0,  9, 12), ( 636,  0,  9, 12), ( 646,  0, 11, 12), ( 658,  0,  6, 12),
   ( 665,  0,  5, 12), ( 671,  0,  5, 12), ( 677,  0,  5, 12), ( 683,  0,  5, 12),
   ( 689,  0,  2, 12), ( 692,  0,  2, 12), ( 695,  0,  5, 12), ( 701,  0,  3, 12),
   ( 705,  0,  7, 12), ( 713,  0,  6, 12), ( 720,  0,  7, 12), ( 728,  0,  7, 12),
   ( 736,  0,  7, 12), ( 744,  0,  7, 12), ( 752,  0,  7, 12), ( 760,  0,  7, 12),
   ( 768,  0,  6, 12), ( 775,  0,  6, 12), ( 782,  0,  6, 12), ( 789,  0,  6, 12),
   ( 796,  0,  8, 12), ( 805,  0,  6, 12), ( 812,  0,  5, 12), ( 818,  0,  5, 12),
   ( 824,  0,  5, 12), ( 830,  0,  5, 12), ( 836,  0,  5, 12), ( 842,  0,  5, 12),
   ( 848,  0,  9, 12), ( 858,  0,  5, 12), ( 864,  0,  5, 12), ( 870,  0,  5, 12),
   ( 876,  0,  5, 12), ( 882,  0,  5, 12), ( 888,  0,  2, 12), ( 891,  0,  2, 12),
   ( 894,  0,  5, 12), ( 900,  0,  3, 12), ( 904,  0,  5, 12), ( 910,  0,  5, 12),
   ( 916,  0,  5, 12), ( 922,  0,  5, 12), ( 928,  0,  5, 12), ( 934,  0,  5, 12),
   ( 940,  0,  5, 12), ( 946,  0,  6, 12), ( 953,  0,  5, 12), ( 959,  0,  5, 12),
   ( 965,  0,  5, 12), ( 971,  0,  5, 12), ( 977,  0,  6, 12), ( 984,  0,  6, 12));

Define OffsetList
 ( (-1, 0), ( 0, 0), ( 0, 0), ( 0, 0), ( 0, 0), ( 0, 0), ( 0, 0), ( 0, 0),
   ( 0, 0), ( 0, 0), ( 0, 0), ( 0, 0), ( 0, 0), ( 0, 0), ( 0, 0), ( 0, 0),
   ( 0, 0), ( 0, 0), ( 0, 0), ( 0, 0), ( 0, 0), (-1, 0), (-1, 0), ( 0, 0),
   ( 0, 0), ( 0, 0), ( 0, 0), ( 0, 0), ( 0, 0), ( 0, 0), ( 0, 0), ( 0, 0),
   ( 0, 0), ( 0, 0), ( 0, 0), (-1, 0), ( 0, 0), ( 0, 0), ( 0, 0), ( 0, 0),
   ( 0, 0), ( 0, 0), ( 0, 0), ( 0, 0), ( 0, 0), (-1, 0), ( 0, 0), ( 0, 0),
   ( 0, 0), ( 0, 0), ( 0, 0), ( 0, 0), ( 0, 0), ( 0, 0), ( 0, 0), ( 0, 0),
   ( 0, 0), ( 0, 0), ( 0, 0), ( 0, 0), ( 0, 0), ( 0, 0), ( 0, 0), ( 0, 0),
   ( 0, 0), ( 0, 0), ( 0, 0), ( 0, 0), ( 0, 0), ( 0, 0), ( 0, 0), ( 0, 0),
   ( 0, 0), ( 0, 0), ( 0, 0), ( 0, 0), ( 0, 0), ( 0, 0), ( 0, 0), ( 0, 0),
   ( 0, 0), ( 1, 0), ( 0, 0), ( 0, 0), ( 0, 0), ( 0, 0), ( 1, 0), ( 0, 0),
   ( 1, 0), ( 0, 0), ( 0, 0), ( 0, 0), ( 0, 0), ( 0, 0), ( 0, 0), ( 0, 0),
   ( 0, 0), ( 0, 0), ( 0, 0), ( 0, 0), (-1, 0), (-1, 0), (-1, 0), (-1, 0),
   (-1, 0), (-1, 0), (-1, 0), ( 0, 0), ( 0, 0), ( 0, 0), ( 0, 0), ( 0, 0),
   (-1, 0), ( 0, 0), (-2, 0), (-1, 0), ( 0, 0), ( 0, 0), ( 0, 0), ( 0, 0),
   ( 0, 0), ( 0, 0), ( 0, 0), ( 0, 0), ( 0, 0), ( 0, 0), ( 0, 0), ( 0, 0),
   ( 0, 0), ( 0, 0), ( 0, 0), ( 0, 0), ( 0, 0), ( 0, 0), ( 0, 0), ( 0, 0),
   ( 0, 0), ( 0, 0), ( 0, 0), ( 0, 0), ( 0, 0), ( 0, 0), (-1, 0), ( 0, 0),
   (-1, 0), (-1, 0), ( 0, 0), ( 0, 0), ( 0, 0), ( 0, 0), ( 0, 0), ( 0, 0),
   ( 0, 0), (-1, 0), ( 0, 0), ( 0, 0), ( 0, 0), ( 0, 0), ( 0, 0), ( 0, 0));

Define KerningPairs
 ("11","AT","AV","AY","F,","F.","FA","LT","LV","LW","LY","P,","P.","PA","T,","T-",
  "T.","T:","T;","TA","Ta","Tc","Te","To","Ts","Tw","Ty","V,","V-","V.","VA","Va",
  "Ve","Vo","W,","W.","Y,","Y-","Y.","Y:","Y;","YA","Ya","Ye","Yo","Yp","Yq","Yu",
  "Yv","r,","r.","v,","v.","w,","w.","y,","y.","G,","G.","St","Sp");

Define KerningValues
 (  -1,  -1,  -1,  -1,  -1,  -1,  -1,  -1,  -1,  -1,  -1,  -1,  -1,  -1,  -1,  -1,
    -1,  -1,  -1,  -1,  -1,  -1,  -1,  -1,  -1,  -1,  -1,  -1,  -1,  -1,  -1,  -1,
    -1,  -1,  -1,  -1,  -1,  -1,  -1,  -1,  -1,  -1,  -1,  -1,  -1,  -1,  -1,  -1,
    -1,  -1,  -1,  -1,  -1,  -1,  -1,  -1,  -1,  -1,  -1,  -1,  -1);

CreateLayer               Main;
LayerSetImage             Main 'Arial8';
LayerSetAscent            Main 10;
LayerSetCharWidths        Main CharList WidthList;
LayerSetCharWidths        Main (' ') (3);
LayerSetKerningPairs      Main KerningPairs KerningValues;
LayerSetImageMap          Main CharList RectList;
LayerSetCharOffsets       Main CharList OffsetList;
LayerSetAscentPadding     Main 0;
LayerSetLineSpacingOffset Main 0;
LayerSetPointSize         Main 8;

SetDefaultPointSize  8;
